//Experience tables format:
//Max Level,Class list,Type (0 - Base Exp; 1 - Job Exp),Exp for Lv 1,2,3,4,5,6,7,8,9,10,11,12,13,14,15,16,17,18,19,20,21,22,23,24,25,26,27,28,29,30,31,32,33,34,35,36,37,38,39,40,41,42,43,44,45,46,47,48,49,50,51,52,53,54,55,56,57,58,59,60,61,62,63,64,65,66,67,68,69,70,71,72,73,74,75,76,77,78,79,80,81,82,83,84,85,86,87,88,89,90,91,92,93,94,95,96,97,98
// Supports baselevel up to 160 and joblevel up to 70 (except Novice/High Novice)

//================================
// Renewal Experience Database
//================================

//Base - Normal and Baby Jobs
160,0:1:2:3:4:5:6:7:8:9:10:11:12:13:14:15:16:17:18:19:20:21:23:24:25:4023:4024:4025:4026:4027:4028:4029:4030:4031:4032:4033:4034:4035:4036:4037:4038:4039:4040:4041:4042:4043:4044:4045:4046:4047:4048:4049:4050:4051:4052,0,60,90,110,130,160,180,210,240,270,300,330,360,400,430,470,510,550,590,630,680,720,770,820,870,930,980,1040,1100,1160,1230,1300,1370,1440,1520,1600,1680,1770,1860,1960,2050,2150,2260,2370,2480,2600,2730,2850,2990,3130,3270,3420,3580,3740,3910,4080,4270,4460,4660,4860,5080,5300,5530,5770,6020,6280,6550,6830,7120,7430,7740,8070,8410,8770,9140,9520,10000,10400,10800,11300,11700,12200,12700,13300,13800,14400,15000,15600,16200,16900,19100,21400,23900,26600,29400,32500,35700,39200,43000,47000,51300,55900,60800,66000,71600,77600,84100,91000,98300,106200,114600,123600,133300,144000,155000,167000,180000,193000,208000,223000,240000,257000,276000,297000,318000,342000,367000,393000,422000,452000,485000,520000,557000,597000,640000,686000,735000,787000,843000,903000,967000,1036000,1109000,1190000,1280000,1370000,1460000,1570000,1680000,1790000,1920000,2060000,2200000,2350000,2520000,2700000,2890000,3090000,3310000,3540000,3790000

//Base - Adv Jobs
160,4001:4002:4003:4004:4005:4006:4007:4008:4009:4010:4011:4012:4013:4014:4015:4016:4017:4018:4019:4020:4021:4022,0,60,90,110,130,160,180,210,240,270,300,330,360,400,430,470,510,550,590,630,680,720,770,820,870,930,980,1040,1100,1160,1230,1300,1370,1440,1520,1600,1680,1770,1860,1960,2050,2150,2260,2370,2480,2600,2730,2850,2990,3130,3270,3420,3580,3740,3910,4080,4270,4460,4660,4860,5080,5300,5530,5770,6020,6280,6550,6830,7120,7430,7740,8070,8410,8770,9140,9520,10000,10400,10800,11300,11700,12200,12700,13300,13800,14400,15000,15600,16200,16900,19100,21400,23900,26600,29400,32500,35700,39200,43000,47000,51300,55900,60800,66000,71600,77600,84100,91000,98300,106200,114600,123600,133300,144000,155000,167000,180000,193000,208000,223000,240000,257000,276000,297000,318000,342000,367000,393000,422000,452000,485000,520000,557000,597000,640000,686000,735000,787000,843000,903000,967000,1036000,1109000,1190000,1280000,1370000,1460000,1570000,1680000,1790000,1920000,2060000,2200000,2350000,2520000,2700000,2890000,3090000,3310000,3540000,3790000

//Base - 3rd Jobs, Baby 3rds
//Note: (First 98 values [Level 1 - 98] are dummy values (used Adv Jobs values), because 3rd classes start at level 99.)
160,4054:4055:4056:4057:4058:4059:4060:4061:4062:4063:4064:4065:4066:4067:4068:4069:4070:4071:4072:4073:4074:4075:4076:4077:4078:4079:4080:4081:4082:4083:4084:4085:4086:4087:4096:4097:4098:4099:4100:4101:4102:4103:4104:4105:4106:4107:4108:4109:4110:4111:4112,0,60,90,110,130,160,180,210,240,270,300,330,360,400,430,470,510,550,590,630,680,720,770,820,870,930,980,1040,1100,1160,1230,1300,1370,1440,1520,1600,1680,1770,1860,1960,2050,2150,2260,2370,2480,2600,2730,2850,2990,3130,3270,3420,3580,3740,3910,4080,4270,4460,4660,4860,5080,5300,5530,5770,6020,6280,6550,6830,7120,7430,7740,8070,8410,8770,9140,9520,10000,10400,10800,11300,11700,12200,12700,13300,13800,14400,15000,15600,16200,16900,19100,21400,23900,26600,29400,32500,35700,39200,43000,47000,51300,55900,60800,66000,71600,77600,84100,91000,98300,106200,114600,123600,133300,144000,155000,167000,180000,193000,208000,223000,240000,257000,276000,297000,318000,342000,367000,393000,422000,452000,485000,520000,557000,597000,640000,686000,735000,787000,843000,903000,967000,1036000,1109000,1190000,1280000,1370000,1460000,1570000,1680000,1790000,1920000,2060000,2200000,2350000,2520000,2700000,2890000,3090000,3310000,3540000,3790000

//Base - Expanded Super Novice , Kagerou/Oboro , Rebellion
160,4190:4191:4211:4212:4215,0,60,90,110,130,160,180,210,240,270,300,330,360,400,430,470,510,550,590,630,680,720,770,820,870,930,980,1040,1100,1160,1230,1300,1370,1440,1520,1600,1680,1770,1860,1960,2050,2150,2260,2370,2480,2600,2730,2850,2990,3130,3270,3420,3580,3740,3910,4080,4270,4460,4660,4860,5080,5300,5530,5770,6020,6280,6550,6830,7120,7430,7740,8070,8410,8770,9140,9520,10000,10400,10800,11300,11700,12200,12700,13300,13800,14400,15000,15600,16200,16900,19100,21400,23900,26600,29400,32500,35700,39200,43000,47000,51300,55900,60800,66000,71600,77600,84100,91000,98300,106200,114600,123600,133300,144000,155000,167000,180000,193000,208000,223000,240000,257000,276000,297000,318000,342000,367000,393000,422000,452000,485000,520000,557000,597000,640000,686000,735000,787000,843000,903000,967000,1036000,1109000,1190000,1280000,1370000,1460000,1570000,1680000,1790000,1920000,2060000,2200000,2350000,2520000,2700000,2890000,3090000,3310000,3540000,3790000

//Job - Novice & Baby Novice
10,0:4023,1,4,10,18,28,40,91,151,205,268,340

//Job - 1st Classes & Baby 1st Classes
50,1:2:3:4:5:6:4024:4025:4026:4027:4028:4029:4046:4050,1,1,2,3,6,10,16,22,26,32,39,46,54,60,67,75,88,100,111,123,134,162,179,200,222,254,289,317,348,385,422,458,499,537,582,627,666,743,810,872,924,1071,1144,1207,1314,1402,1443,1551,1667,1803,1944,1983,2023,2063,2104,2146,2189,2233,2278,2323,2370,2417,2465,2515,2565,2616,2668,2722,2776,2832,2888,2946

//Job - 2nd Classes & Baby 2nd Classes
50,7:8:9:10:11:12:13:14:15:16:17:18:19:20:21:4030:4031:4032:4033:4034:4035:4036:4037:4038:4039:4040:4041:4042:4043:4044:4051:4052,1,32,50,84,140,206,318,378,418,452,498,576,630,640,666,702,810,882,926,970,1014,1120,1188,1270,1362,1500,1714,1810,1932,2052,2172,2394,2520,2646,2772,2922,3150,3412,3608,3806,3936,4298,4504,4640,4914,5118,5586,5880,6174,6540,6908,7116,7329,7549,7775,8009,8249,8496,8751,9014,9284,9563,9849,10145,10449,10763,11086,11418,11761,12113,12477,12851

//Job - Novice High
10,4001,1,4,11,20,31,44,100,166,226,295,374

//Job - Adv First Classes
50,4002:4003:4004:4005:4006:4007,1,3,7,11,16,20,25,32,40,47,55,63,79,91,105,119,140,163,183,205,230,256,282,312,340,373,406,436,491,540,580,620,720,780,820,900,980,1038,1100,1189,1293,1401,1499,1596,1693,1793,1904,2009,2145,2242,2363,2410,2458,2507,2558,2609,2661,2714,2768,2824,2880,2938,2996,3056,3117,3180,3243,3308,3374,3442,3511,3581

//Job - Adv Second Classes
70,4008:4009:4010:4011:4012:4013:4014:4015:4016:4017:4018:4019:4020:4021:4022,1,48,76,124,208,304,458,542,600,650,714,826,900,916,952,1006,1174,1278,1342,1406,1470,1812,1924,2054,2204,2428,2894,3058,3262,3466,3670,4270,4494,4720,4944,5214,5996,6496,6872,7246,7496,9488,9940,10242,10844,11296,12886,13564,14242,15090,15938,18986,19762,20536,21312,22086,26696,27828,28506,29412,30316,40076,40656,42398,44722,46464,60506,68666,75532,88738,135168,137872

//Job - 3rd Jobs, Baby 3rds, Expanded Super Novice
70,4054:4055:4056:4057:4058:4059:4060:4061:4062:4063:4064:4065:4066:4067:4068:4069:4070:4071:4072:4073:4074:4075:4076:4077:4078:4079:4080:4081:4082:4083:4084:4085:4086:4087:4096:4097:4098:4099:4100:4101:4102:4103:4104:4105:4106:4107:4108:4109:4110:4111:4112,1,1060,1120,3550,6150,9170,12530,15950,20070,24300,28680,34200,38630,45040,49980,57690,63210,72540,78700,90150,95300,110720,118480,134670,143370,162430,172160,194460,207810,230700,244530,275680,291180,318200,341250,370480,402040,429720,459370,491100,526960,571580,613050,671670,722850,776470,836240,911130,985480,1076300,1190770,1316680,1455180,1607530,1775110,1959440,2162200,2385230,2630560,2900420,3197260,3593354,3629288,3665580,3702236,3739258,3776651,3814418,3852562,3891087,3929998,3969298

//Job - Expanded Super Novice , Kagerou/Oboro , Rebellion
50,4190:4191:4211:4212:4215,1,1060,1120,3550,6150,9170,12530,15950,20070,24300,28680,34200,38630,45040,49980,57690,63210,72540,78700,90150,95300,110720,118480,134670,143370,162430,172160,194460,207810,230700,244530,275680,291180,318200,341250,370480,402040,429720,459370,491100,526960,571580,613050,671670,722850,776470,836240,911130,985480,1076300,1190770,1316680,1455180,1607530,1775110,1959440,2162200,2385230,2630560,2900420,3197260,3593354,3629288,3665580,3702236,3739258,3776651,3814418,3852562,3891087,3929998,3969298

//Job - Ninja/Gunslinger
70,24:25,1,2,4,6,8,12,14,20,24,28,34,38,48,54,64,72,84,98,110,122,138,154,168,186,202,222,242,260,292,322,350,372,430,466,494,540,580,600,648,700,762,822,880,934,992,1050,1112,1178,1254,1310,1384,1446,1624,1682,1786,1910,2018,2156,2298,2414,2572,3010,3538,3922,4392,4684,4958,5328,5626,5932,6160,6222

//Job - Taekwon (Same EXP table as 1st Classes & Baby 1st Classes)
50,4046,1,2,3,6,10,16,22,26,32,39,46,54,60,67,75,88,100,111,123,134,162,179,200,222,254,289,317,348,385,422,458,499,537,582,627,666,743,810,872,924,1071,1144,1207,1314,1402,1443,1551,1667,1803,1944,1983,2023,2063,2104,2146,2189,2233,2278,2323,2370,2417,2465,2515,2565,2616,2668,2722,2776,2832,2888,2946,3005

//Job - Star Gladiator
50,4047:4048,1,1014,1014,1014,1014,1014,1014,1014,1014,1014,1014,1014,1014,1014,1014,1014,1014,1014,1014,1014,2028,2240,2376,2540,2724,3000,3428,3620,3864,4104,4344,4788,5040,5292,5544,5844,6300,6824,7216,7612,7872,8596,9008,9280,9828,10236,11172,11760,12348,13080,13816,105413,106467,107532,108607,109693,110790,111898,113017,114147,115288,116441,117606,118782,119970,121169,122381,123605,124841,126089,127350,128624

//Job - Soul Linker (Same EXP table as 2nd Classes & Baby 2nd Classes)
50,4049,1,50,84,140,206,318,378,418,452,498,576,630,640,666,702,810,882,926,970,1014,1120,1188,1270,1362,1500,1714,1810,1932,2052,2172,2394,2520,2646,2772,2922,3150,3412,3608,3806,3936,4298,4504,4640,4914,5118,5586,5880,6174,6540,6908,7116,7329,7549,7775,8009,8249,8496,8751,9014,9284,9563,9849,10145,10449,10763,11086,11418,11761,12113,12477,12851,13237

//Job - Super Novice & Baby Super Novice (Still pre-renewal values -> Needs info)
99,23:4045,1,1,1,2,2,3,4,5,6,7,11,13,14,17,19,23,34,39,45,61,80,112,126,141,183,230,306,338,372,465,568,730,795,862,1049,1250,1564,1684,1809,2153,2519,3079,3836,4088,4968,5725,7728,8196,9642,10192,19642,19842,20042,20242,20442,20642,20842,21042,21242,21442,21642,21842,22042,22242,22442,22642,22842,23042,23242,23442,23642,23842,24042,24242,24442,24642,24842,25042,25242,25442,25642,25842,26042,26242,26442,26642,26842,27042,27242,27442,27642,27842,28042,28242,28442,28642,28842,29042,29242,29827,30424
