//Homunculus LvUp experience value table
7
11
18
30
44
63
75
83
90
98
108
118
120
124
131
144
157
165
172
178
188
200
213
229
252
272
291
310
330
349
369
388
407
427
450
466
504
534
563
576
605
634
653
691
720
730
768
806
854
902
941
979
1018
1056
1094
1133
1181
1210
1248
1286
1325
1344
1402
1478
1536
1613
1690
1747
1824
2090
2432
2660
2945
3097
3230
3420
3572
3705
3800
4370
4940
5700
6650
7600
9120
10450
11400
12920
14250
17100
19000
22800
28500
34200
39900
45600
53200
62700
76000
82480
85200
89240
90540
95580
98420
99680
102360
107060
108760
110140
112200
115520
117340
120000
122320
124820
127460
129960
132780
134400
138140
140500
142100
145280
149080
152220
153760
154700
158800
160400
163960
166360
167520
169380
170560
171460
173000
174020
175380
176280
176400
176520
176760
177740
178100
178320
178440
179320
181880
0    
